,TxHash,BlockHeight,TimeStamp,From,To,Value,ContractAddress,Input,isError
0,0xfc00cebb32c77efc6bf88f9f9e388b8f9d2608266dc500673c86b245c9728ede,5951019,1531402917,0x906692908239030f5f1d348c03b6fc6081843f47,0x41899e243668d3fc5b6158c0e079c55bc249d9b9,1060.6,NULL,0x,0
1,0xd408819be8b609ce59e7a70f4520751ad96925b6259b404ac317e4dafe0a7a4c,5960736,1531542827,0x77dbc65e88683fd8154f030325b2b1027e0f823c,0x41899e243668d3fc5b6158c0e079c55bc249d9b9,954.54,NULL,0x,0
2,0xf3ea12a3e98558b275cefc043c150fab8946dda210b145e28d39cefc9b87509f,5988372,1531946965,0x687132a18c18a8b8db57877d4f1a12ee8f2fa070,0x41899e243668d3fc5b6158c0e079c55bc249d9b9,1.0,NULL,0x,0
3,0xf50aefc60ec3fceac7ada94720e933991f965bf374b3f9418f9d3962edf7bb28,5988393,1531947247,0x687132a18c18a8b8db57877d4f1a12ee8f2fa070,0x41899e243668d3fc5b6158c0e079c55bc249d9b9,847.48,NULL,0x,0
4,0x79964d2eb649d9b10535b22f063dfb5639bff749778700b680ea6be986247adb,5990814,1531983822,0x5350d9056f9958c80ac5eab232aac9c3947ca30c,0x41899e243668d3fc5b6158c0e079c55bc249d9b9,1000.0,NULL,0x,0
